10
1000
15
88
45
79
23
83
25
54
61
93
27
6
86
50
100
50
45
23
14
21
17
94
9
24
17
40
63
39
96
67
35
10
89
81
70
95
24
93
12
39
57
46
58
13
63
79
98
61
60
17
10
52
10
43
100
75
86
63
43
90
31
13
67
57
20
7
45
99
89
74
70
35
16
33
33
55
27
66
37
49
89
29
94
56
29
74
73
27
13
30
21
73
87
94
57
10
9
31
13
40
58
78
29
15
68
24
8
34
45
9
12
10
58
86
19
15
75
33
40
6
20
92
82
69
84
25
48
66
89
59
73
98
77
54
95
49
44
89
66
22
6
34
82
77
38
72
70
50
27
64
23
69
54
58
43
79
73
42
36
55
51
14
25
96
25
59
46
53
54
28
21
55
95
34
73
20
98
71
24
81
84
65
86
70
41
37
79
11
22
13
76
8
43
60
40
67
73
64
35
10
80
34
7
15
64
41
85
85
98
59
20
11
70
93
63
55
77
45
51
68
82
16
46
15
11
75
97
29
20
21
82
16
14
83
88
12
47
33
70
55
88
17
86
9
32
88
10
59
58
25
99
45
55
29
5
80
44
22
83
8
99
40
75
58
60
43
87
32
73
10
37
79
76
66
33
36
90
93
95
10
43
86
20
49
99
99
87
50
43
24
27
15
86
28
35
63
69
93
76
62
11
17
17
79
41
50
100
93
98
97
15
28
51
46
84
10
30
60
13
80
14
73
40
68
16
41
69
65
50
74
94
100
22
94
64
68
36
52
54
47
82
13
44
81
34
98
6
19
94
96
53
66
6
19
81
40
21
55
83
84
15
10
70
51
86
10
51
37
53
23
89
19
25
60
64
47
95
80
40
10
32
5
48
10
41
25
28
36
63
100
19
13
15
46
21
10
72
95
71
23
81
86
6
43
52
32
85
97
83
66
96
26
23
74
94
26
14
45
50
76
65
94
10
100
6
55
32
81
84
38
19
72
90
63
33
20
37
35
30
66
39
30
21
23
75
7
43
23
16
75
19
19
87
36
10
13
45
24
68
39
80
68
30
79
82
25
50
21
25
91
86
46
98
63
53
91
14
21
44
32
78
97
11
62
85
82
54
37
22
83
82
22
54
98
93
68
9
79
85
80
97
77
84
82
81
28
91
38
25
62
60
91
86
5
15
71
88
35
25
43
92
61
20
32
82
95
48
95
38
30
28
98
74
21
11
7
45
49
79
84
52
23
67
11
29
32
86
35
14
77
91
69
62
40
13
66
69
6
67
78
32
58
17
74
18
87
43
86
78
66
71
8
20
49
11
57
8
16
7
62
74
81
83
90
89
19
32
30
15
9
90
18
78
71
94
30
85
90
74
98
15
15
60
17
31
34
41
81
21
71
38
18
18
43
98
32
77
76
33
11
45
8
38
51
39
90
55
86
16
8
5
6
85
91
70
19
47
40
35
50
90
21
98
23
49
88
86
16
20
28
97
83
97
77
90
6
90
35
74
64
26
10
97
94
85
36
98
83
28
28
56
84
80
9
77
78
58
48
56
59
42
87
86
94
25
45
40
69
20
24
86
80
54
44
54
85
67
20
62
91
21
12
62
89
62
62
93
50
93
24
13
93
51
49
46
77
47
73
80
13
76
6
20
38
9
62
56
66
95
69
72
52
42
9
40
24
90
99
32
85
70
47
34
70
25
91
39
7
50
7
54
82
56
7
61
58
53
48
25
7
96
72
67
6
89
37
81
79
80
45
70
73
29
52
30
37
63
45
28
13
74
76
77
65
14
52
16
57
85
6
43
81
99
89
92
68
13
20
50
94
91
67
10
90
42
85
80
43
64
73
49
87
76
37
14
82
76
55
95
88
28
17
32
39
70
61
37
79
27
34
85
11
25
64
86
100
55
14
55
84
70
6
58
25
81
92
99
84
53
21
20
67
83
42
38
41
36
93
97
60
97
14
59
42
54
12
54
89
97
52
42
100
7
39
70
54
64
25
22
73
65
87
41
89
94
94
62
71
78
39
94
13
6
84
37
35
38
38
6
45
68
40
31
22
74
15
10
73
64
31
93
10
42
37
95
40
51
28
83
13
39
43
26
66
89
90
37
63
77
90
42
90
60
47
37
60
58
9
69
26
72
8
27
59
16
64
6
21
69
35
46
98
70
99
51
78
100
56
93
86
42
98
68
5
5
9
26
9
65
18
94
95
88
54
22
5
51
52
67
35
27
17
44
55
93
78
58
19
20
85
39
77
81
55
15
18
81
99
77
98