10
500
41
39
7
52
46
90
13
76
5
33
91
15
60
81
14
9
34
67
60
40
80
20
13
87
37
52
65
57
57
72
48
51
82
22
63
86
35
24
40
71
92
31
95
65
55
61
39
61
87
84
31
50
30
62
18
35
65
61
94
69
83
9
86
15
40
31
67
19
46
82
6
45
10
51
9
91
23
91
32
44
16
38
8
82
72
20
21
65
16
99
25
77
19
86
27
50
27
54
17
63
78
70
69
58
7
98
98
82
21
78
96
86
23
21
64
25
38
74
91
23
92
79
78
22
57
87
61
41
98
12
23
34
62
83
50
71
56
58
22
37
53
47
45
39
50
62
49
47
93
65
52
75
34
97
25
48
21
71
97
15
56
51
71
88
64
78
81
87
70
58
10
59
21
89
49
86
38
64
73
87
52
51
47
13
9
91
71
36
82
97
51
62
97
15
35
79
85
17
5
44
39
6
78
30
74
97
98
60
34
78
24
8
78
71
58
25
71
51
15
15
61
56
97
59
32
62
16
69
67
42
33
22
24
54
14
41
16
92
98
24
99
66
25
90
68
81
74
58
95
79
32
43
11
15
9
80
13
8
73
89
86
82
17
61
9
16
8
62
44
69
10
30
70
9
50
73
24
26
16
61
57
70
92
22
60
31
80
26
23
14
12
65
7
26
69
59
17
65
32
23
45
92
99
12
39
92
93
81
16
65
36
75
60
30
77
70
32
97
51
48
95
95
33
20
8
57
75
92
14
81
39
36
51
52
78
9
11
96
47
91
26
94
22
38
99
79
70
76
18
92
38
13
20
49
76
53
40
48
66
25
73
67
100
45
88
40
71
78
72
84
47
44
83
93
59
32
84
93
71
23
61
68
5
7
31
76
30
12
68
61
49
93
61
53
6
93
15
33
90
50
81
49
6
6
26
67
9
81
67
33
71
7
89
92
33
31
59
54
67
74
45
22
77
50
60
87
55
72
91
29
15
98
50
23
87
5
14
86
34
54
85
33
80
23
99
22
90
82
66
67
36
74
33
88
80
7
43
79
22
43
70
89
48
5
60
27
17
14
76
73
23
42
38
65
43
7
95
45
52
57
69
40
23
68
53
66
71
7
77
7
96
59
15
45
78
5
91
63
23
37