0.00020003318786621
0.00019502639770508
0.00012898445129395
0.00011587142944336
0.00011515617370605
0.0001528263092041
0.00011587142944336
0.00011610984802246
0.00011491775512695
0.00011420249938965
0.00011396408081055
0.00011491775512695
0.00011396408081055
0.00015497207641602
0.00013399124145508
0.00012111663818359
0.00011992454528809
0.00011897087097168
0.00012302398681641
0.0001220703125
0.00012087821960449
0.00016021728515625
0.00028491020202637
0.00018811225891113
0.00017380714416504
0.00015497207641602
0.00018501281738281
0.00015997886657715
0.00015592575073242
0.0001990795135498
0.00022006034851074
0.000244140625
0.00013995170593262
0.00011801719665527
0.00011801719665527
0.00011992454528809
0.00017404556274414
0.00020909309387207
0.00028085708618164
0.00023102760314941
0.00023198127746582
0.0002439022064209
0.00020813941955566
0.00020503997802734
0.00014781951904297
0.00011396408081055
0.00011491775512695
0.00011491775512695
0.00011801719665527
0.00011420249938965
0.00011396408081055
0.00011396408081055
0.00011396408081055
0.00011610984802246
0.00011587142944336
0.00011396408081055
0.00011515617370605
0.00014901161193848
0.00011396408081055
0.00011491775512695
0.00011515617370605
0.00011587142944336
0.00011491775512695
0.00011491775512695
0.00011491775512695
0.00022387504577637
0.00031018257141113
0.00039386749267578
0.00038981437683105
0.00023007392883301
0.0002291202545166
0.0002140998840332
0.00021195411682129
0.00020813941955566
0.00018978118896484
0.00019502639770508
0.00015091896057129
0.00014400482177734
0.00012612342834473
0.00013089179992676
0.0001528263092041
0.00017905235290527
0.00016212463378906
0.00014781951904297
0.00017285346984863
0.00028300285339355
0.0001838207244873
0.0002598762512207
0.00016117095947266
0.00018692016601562
0.00013995170593262
0.00012707710266113
0.00019001960754395
0.00011491775512695
0.00011396408081055
0.00011515617370605
0.00011706352233887
0.00011491775512695
0.00011587142944336
0.00011515617370605
0.00011491775512695